"","smatsscr","smrin","smtspax","sme2mprt","smchmprs","smntrart","smnumgps","smmaprt","smexncrt","sm550nrm","smgnsdtc","smunmprt","sm350nrm","smrdlgth","smmncpb","sme1mmrt","smsflgth","smestlbs","smmppd","smnterrt","smrrnanm","smrdttl","smvqcfl","smmncv","smtrscpt","smmppdpr","smcglgth","smgappct","smunpdrd","smntrnrt","smmpunrt","smexpeff","smmppdun","sme2mmrt","sme2anti","smaltalg","sme2snse","smmflgth","sme1anti","smspltrd","smbsmmrt","sme1snse","sme1pcts","smrrnart","sme1mprt","smnum5cd","smdpmprt","sme2pcts"
"smatsscr",1,-0.396290510892868,0.0708224847912788,-0.0818957462906837,-0.0102454284206033,-0.109871178865433,0.039973046630621,-0.076014019548893,-0.366746753454208,-0.0473661832511425,0.0170656554400921,-0.0346043705940247,0.182648092508316,-0.0287073161453009,-0.198747202754021,0.0212340597063303,-0.0662564858794212,-0.104011937975883,-0.032614778727293,0.110064879059792,0.122983880341053,-0.00160374259576201,0.0740159600973129,-0.0231671016663313,-0.0135740386322141,-0.0340163558721542,0.00716708181425929,-0.00249790214002132,-0.0837776735424995,0.375695705413818,-0.0497180260717869,-0.20835317671299,-0.10589599609375,0.0515446402132511,-0.0329211428761482,0.0690377503633499,-0.0330678671598434,-0.0479629375040531,-0.0268054120242596,-0.149477586150169,0.00544154783710837,-0.0234491974115372,0.166742026805878,0.144196793437004,-0.0520625226199627,-0.0605119615793228,0.0346043705940247,-0.0747186467051506
"smrin",-0.396290510892868,1,-0.0192387439310551,-0.0259002950042486,0.209222003817558,0.0990430116653442,-0.0791177004575729,-0.0220878347754478,0.396269887685776,0.130665108561516,0.0758495926856995,-0.0396792441606522,-0.382689923048019,0.126923263072968,0.350236356258392,-0.0764701887965202,0.223245695233345,0.131083950400352,0.192407816648483,-0.10211269557476,0.0395291857421398,0.208074122667313,0.174756675958633,-0.117857784032822,0.128759101033211,0.191399365663528,-0.0735940113663673,-0.0558536201715469,-0.0334189087152481,-0.411898821592331,-0.0745967552065849,0.169873297214508,0.243398934602737,0.0247177872806787,0.194548398256302,0.146990463137627,0.194528415799141,0.193187206983566,0.206282049417496,0.382186233997345,0.0130695160478354,0.201566487550735,-0.309515506029129,-0.092290036380291,-0.00953316874802113,0.172407999634743,0.0396792441606522,0.054518673568964
"smtspax",0.0708224847912788,-0.0192387439310551,1,-0.115215629339218,0.0138651272282004,-0.166499987244606,0.0628168731927872,-0.116641856729984,-0.123896420001984,-0.0876232609152794,0.0372871048748493,-0.0736208036541939,0.032317478209734,0.134786322712898,-0.0882170796394348,-0.0758450105786324,-0.0303234159946442,-0.0771765783429146,-0.015717264264822,0.167734503746033,0.0359713993966579,0.0380075611174107,0.00270505575463176,0.0896663814783096,0.00604861089959741,-0.0159082468599081,0.0553437918424606,0.0374426729977131,-0.0132852597162127,0.105016693472862,-0.120031371712685,-0.11547289788723,-0.0775739178061485,0.0900197774171829,-0.0212227758020163,-0.00115651066880673,-0.0202920380979776,-0.0214159581810236,-0.0135501809418201,-0.0571253262460232,0.00609731581062078,-0.0144111551344395,-0.033531665802002,-0.00741734215989709,-0.115747563540936,-0.061279371380806,0.0736208036541939,0.0550276413559914
"sme2mprt",-0.0818957462906837,-0.0259002950042486,-0.115215629339218,1,-0.060374490916729,0.235579207539558,-0.229985073208809,0.989819586277008,0.0892849266529083,0.242685601115227,-0.0756598860025406,0.476288348436356,0.0270295608788729,-0.10001614689827,0.207360550761223,-0.119120791554451,0.15282116830349,0.395280599594116,-0.0355608947575092,-0.235219210386276,-0.205079391598701,-0.376942038536072,-0.463694959878922,-0.158113479614258,-0.0332262851297855,0.0324304923415184,-0.251594930887222,-0.252980262041092,-0.206743225455284,-0.0591253340244293,0.797762811183929,0.734020948410034,0.210005342960358,-0.839100003242493,0.0478884056210518,-0.291023701429367,0.0360783562064171,0.131543859839439,-0.0503079853951931,-0.00377347436733544,-0.623354971408844,-0.0408094823360443,0.264290779829025,0.0164459608495235,0.95013552904129,0.333921909332275,-0.476288348436356,-0.568985283374786
"smchmprs",-0.0102454284206033,0.209222003817558,0.0138651272282004,-0.060374490916729,1,-0.0209163427352905,-0.569401204586029,-0.0567669123411179,0.222590312361717,0.00194020452909172,0.734947860240936,-0.497365087270737,0.0286277215927839,-0.134785711765289,0.716570854187012,0.0478067398071289,0.812754690647125,0.102524682879448,0.903463304042816,0.0216308273375034,0.561292231082916,0.820270359516144,0.314517110586166,-0.0324392803013325,0.692072033882141,0.885568201541901,-0.491833925247192,-0.479968428611755,0.14666123688221,-0.241535320878029,-0.294907063245773,0.148313581943512,0.722419679164886,0.143573671579361,0.877183377742767,0.791535675525665,0.88115131855011,0.810632884502411,0.90208888053894,0.843712091445923,0.0866448879241943,0.900155246257782,0.0233198069036007,0.149433463811874,-0.0653630644083023,0.439156383275986,0.497365087270737,0.0246011931449175
"smntrart",-0.109871178865433,0.0990430116653442,-0.166499987244606,0.235579207539558,-0.0209163427352905,1,-0.00740907993167639,0.244852125644684,0.414119035005569,0.190565943717957,-0.241774395108223,0.194842606782913,-0.263963013887405,-0.106884211301804,0.272292584180832,-0.0548585690557957,0.199113577604294,0.281472474336624,0.0692291930317879,-0.999682486057281,-0.349262446165085,-0.0435689054429531,-0.0738654658198357,-0.0847892835736275,-0.162685349583626,0.0854806900024414,0.0133133661001921,0.0415832921862602,-0.00145837944000959,-0.299836307764053,0.277411878108978,0.388256222009659,0.184940159320831,-0.255531311035156,0.107353955507278,-0.135751321911812,0.10487724840641,0.145588785409927,0.084862157702446,0.230315238237381,-0.182549148797989,0.0828256383538246,0.0296450648456812,-0.387661874294281,0.262471079826355,0.118203550577164,-0.194842606782913,-0.119791693985462
"smnumgps",0.039973046630621,-0.0791177004575729,0.0628168731927872,-0.229985073208809,-0.569401204586029,-0.00740907993167639,1,-0.242534652352333,0.0415570959448814,-0.244129747152328,-0.692856669425964,-0.0449924618005753,-0.0227996483445168,0.0532288737595081,-0.7310431599617,-0.14159981906414,-0.570215344429016,-0.552177131175995,-0.633740186691284,0.00876612309366465,-0.247806265950203,-0.442122220993042,-0.041491910815239,0.414416074752808,-0.688060820102692,-0.63886421918869,0.921239376068115,0.893504798412323,-0.0981208980083466,-0.0440296605229378,-0.207141116261482,-0.202258795499802,-0.816953301429749,0.224454909563065,-0.643453896045685,-0.444032430648804,-0.635930776596069,-0.559962451457977,-0.624976634979248,-0.561246693134308,0.138521879911423,-0.626810669898987,-0.0866537466645241,-0.0373729877173901,-0.242609545588493,-0.796073973178864,0.0449924618005753,0.325281709432602
"smmaprt",-0.076014019548893,-0.0220878347754478,-0.116641856729984,0.989819586277008,-0.0567669123411179,0.244852125644684,-0.242534652352333,1,0.107582837343216,0.246817961335182,-0.0679739415645599,0.487029790878296,0.0207574050873518,-0.104308687150478,0.225916996598244,-0.134840548038483,0.165799513459206,0.418403387069702,-0.0272800512611866,-0.244695022702217,-0.213266491889954,-0.371102750301361,-0.415492326021194,-0.169358104467392,-0.0235010907053947,0.0382364578545094,-0.261887401342392,-0.263251096010208,-0.167957380414009,-0.0757829695940018,0.810152590274811,0.750731706619263,0.22623048722744,-0.836969375610352,0.0530183389782906,-0.279112577438354,0.0417305082082748,0.142992407083511,-0.0396965555846691,0.00868111476302147,-0.631987750530243,-0.0302280783653259,0.272208333015442,0.00604034215211868,0.977979183197021,0.34530583024025,-0.487029790878296,-0.550866842269897
"smexncrt",-0.366746753454208,0.396269887685776,-0.123896420001984,0.0892849266529083,0.222590312361717,0.414119035005569,0.0415570959448814,0.107582837343216,1,0.0101218027994037,-0.0398749820888042,-0.111244983971119,-0.236414179205894,-0.128776162862778,0.446875095367432,0.0641736015677452,0.33498552441597,0.0544084906578064,0.192254558205605,-0.414477556943893,0.0103323766961694,0.122887670993805,0.101392351090908,0.223322004079819,0.038226030766964,0.192074745893478,0.0836450681090355,0.111530996859074,0.0364940166473389,-0.987791121006012,-0.0205988343805075,0.628231108188629,0.201357558369637,0.00887557491660118,0.189919948577881,0.107441112399101,0.194778874516487,0.266390919685364,0.205412656068802,0.461975961923599,0.0622722133994102,0.200469121336937,-0.113867446780205,-0.057189155369997,0.124062120914459,0.0978918820619583,0.111244983971119,0.104085855185986
"sm550nrm",-0.0473661832511425,0.130665108561516,-0.0876232609152794,0.242685601115227,0.00194020452909172,0.190565943717957,-0.244129747152328,0.246817961335182,0.0101218027994037,1,0.0192665848881006,0.290674358606339,-0.355100631713867,0.00643880805000663,0.168259456753731,0.062454953789711,0.0466429032385349,0.362157225608826,0.0462979376316071,-0.194492504000664,-0.183377891778946,-0.0449762679636478,-0.0257869958877563,-0.396216630935669,0.0758617222309113,0.0501944608986378,-0.251804053783417,-0.197942599654198,-0.00446180161088705,0.0153773473575711,0.316666424274445,0.178198516368866,0.185015961527824,-0.258218586444855,0.0704853087663651,-0.0623923316597939,0.0640307739377022,0.0236705597490072,0.0552430935204029,0.130968928337097,-0.151905417442322,0.0590909086167812,0.123430773615837,-0.17052449285984,0.252137959003448,0.411194115877151,-0.290674358606339,-0.279410690069199
"smgnsdtc",0.0170656554400921,0.0758495926856995,0.0372871048748493,-0.0756598860025406,0.734947860240936,-0.241774395108223,-0.692856669425964,-0.0679739415645599,-0.0398749820888042,0.0192665848881006,1,-0.328270941972733,0.0193079672753811,-0.123625360429287,0.602516353130341,0.128144398331642,0.648966252803802,0.218540787696838,0.785508096218109,0.238510310649872,0.477467775344849,0.68271803855896,0.264658629894257,-0.243829593062401,0.973261952400208,0.771285235881805,-0.664076030254364,-0.668617486953735,0.149864017963409,0.0086170444265008,-0.169193640351295,0.00359550141729414,0.694250524044037,0.107647322118282,0.760985016822815,0.69691675901413,0.761603951454163,0.654867470264435,0.776346147060394,0.671271622180939,0.0855616182088852,0.776541292667389,0.0550485625863075,0.152482137084007,-0.0670358836650848,0.539806723594666,0.328270941972733,-0.0559254623949528
"smunmprt",-0.0346043705940247,-0.0396792441606522,-0.0736208036541939,0.476288348436356,-0.497365087270737,0.194842606782913,-0.0449924618005753,0.487029790878296,-0.111244983971119,0.290674358606339,-0.328270941972733,1,-0.137097895145416,0.136502727866173,-0.0926372557878494,0.00858736410737038,-0.375676184892654,0.687835812568665,-0.492896169424057,-0.197695046663284,-0.538203835487366,-0.638596057891846,-0.259944558143616,-0.256030082702637,-0.257255703210831,-0.455433160066605,-0.104448616504669,-0.114377945661545,-0.165385231375694,0.147401705384254,0.85673576593399,0.252031028270721,-0.0830384120345116,-0.541052281856537,-0.439088642597198,-0.508391439914703,-0.450845956802368,-0.427190005779266,-0.49129655957222,-0.388631969690323,-0.373698115348816,-0.488209366798401,-0.0135195413604379,-0.226914942264557,0.4972303211689,0.186951786279678,-1,-0.363287359476089
"sm350nrm",0.182648092508316,-0.382689923048019,0.032317478209734,0.0270295608788729,0.0286277215927839,-0.263963013887405,-0.0227996483445168,0.0207574050873518,-0.236414179205894,-0.355100631713867,0.0193079672753811,-0.137097895145416,1,-0.0618125572800636,-0.12974613904953,0.0541016012430191,-0.0815898701548576,-0.189560323953629,-0.0199916511774063,0.269201368093491,0.263679563999176,-0.0341377854347229,-0.113317757844925,0.326320946216583,-0.0668583363294601,-0.0209862887859344,0.0140498233959079,0.0111263291910291,-0.071210078895092,0.21337927877903,-0.0627515912055969,-0.0865298956632614,-0.0712869539856911,0.0552782490849495,-0.0335346274077892,0.0353766866028309,-0.0313098765909672,-0.0490131415426731,-0.0313435681164265,-0.206520810723305,0.0328292995691299,-0.0255669001489878,0.225058227777481,0.308355540037155,0.0176112558692694,-0.152283102273941,0.137097895145416,-0.00535112665966153
"smrdlgth",-0.0287073161453009,0.126923263072968,0.134786322712898,-0.10001614689827,-0.134785711765289,-0.106884211301804,0.0532288737595081,-0.104308687150478,-0.128776162862778,0.00643880805000663,-0.123625360429287,0.136502727866173,-0.0618125572800636,1,-0.106025703251362,-0.13006392121315,-0.120845846831799,0.0729731544852257,-0.130493178963661,0.105596445500851,-0.0463594160974026,-0.134785711765289,-0.0991576388478279,-0.0115898540243506,-0.117186337709427,-0.129205405712128,0.0424961447715759,0.0493641942739487,-0.01269765291363,0.127059146761894,-0.0210334397852421,-0.112464509904385,-0.118903316557407,-0.0798412188887596,-0.128776162862778,-0.110747493803501,-0.129634663462639,-0.106030255556107,-0.130922421813011,-0.111176751554012,-0.118474066257477,-0.130922421813011,-0.0982991307973862,0.0472179241478443,-0.104308687150478,-0.0646106824278831,-0.136502727866173,-0.0394913554191589
"smmncpb",-0.198747202754021,0.350236356258392,-0.0882170796394348,0.207360550761223,0.716570854187012,0.272292584180832,-0.7310431599617,0.225916996598244,0.446875095367432,0.168259456753731,0.602516353130341,-0.0926372557878494,-0.12974613904953,-0.106025703251362,1,0.133396565914154,0.799439191818237,0.518251419067383,0.781536221504211,-0.273124605417252,0.323251694440842,0.596585392951965,0.178083166480064,-0.161997184157372,0.631418824195862,0.785846173763275,-0.649332046508789,-0.631490767002106,0.121384017169476,-0.435104221105576,0.0990233048796654,0.480653256177902,0.945391178131104,-0.176609143614769,0.78602522611618,0.554564476013184,0.781858444213867,0.75747674703598,0.778402149677277,0.855329871177673,-0.114320084452629,0.776515424251556,-0.0261158552020788,0.0383199527859688,0.230544120073318,0.683907270431519,0.0926372557878494,-0.193396791815758
"sme1mmrt",0.0212340597063303,-0.0764701887965202,-0.0758450105786324,-0.119120791554451,0.0478067398071289,-0.0548585690557957,-0.14159981906414,-0.134840548038483,0.0641736015677452,0.062454953789711,0.128144398331642,0.00858736410737038,0.0541016012430191,-0.13006392121315,0.133396565914154,1,-0.141508877277374,0.0720442831516266,0.0632368251681328,0.0545666962862015,0.172068819403648,0.0663555040955544,0.113386236131191,0.0307305250316858,0.126870661973953,0.0401660427451134,-0.142855018377304,-0.13621897995472,0.0813598334789276,-0.0804456099867821,-0.0679382830858231,0.0492503605782986,0.128113552927971,0.238900408148766,0.0477759800851345,0.162496343255043,0.0403978563845158,-0.172455623745918,0.0594175718724728,0.0398653782904148,0.666568994522095,0.0669301003217697,0.248315781354904,0.156260430812836,-0.160797104239464,0.145126208662987,-0.00858736410737038,-0.25477322936058
"smsflgth",-0.0662564858794212,0.223245695233345,-0.0303234159946442,0.15282116830349,0.812754690647125,0.199113577604294,-0.570215344429016,0.165799513459206,0.33498552441597,0.0466429032385349,0.648966252803802,-0.375676184892654,-0.0815898701548576,-0.120845846831799,0.799439191818237,-0.141508877277374,1,0.217533618211746,0.895975828170776,-0.199735283851624,0.364958494901657,0.698343515396118,0.196525484323502,-0.0886058956384659,0.646873950958252,0.91878867149353,-0.489335000514984,-0.480156153440475,0.0123303076252341,-0.323951423168182,-0.106122046709061,0.385887175798416,0.795465230941772,-0.142202913761139,0.917397260665894,0.597428798675537,0.918200612068176,0.982438147068024,0.890641629695892,0.88528960943222,-0.245610162615776,0.890231609344482,0.0470747090876102,0.0210570339113474,0.171191781759262,0.496859490871429,0.375676184892654,-0.0635873451828957
"smestlbs",-0.104011937975883,0.131083950400352,-0.0771765783429146,0.395280599594116,0.102524682879448,0.281472474336624,-0.552177131175995,0.418403387069702,0.0544084906578064,0.362157225608826,0.218540787696838,0.687835812568665,-0.189560323953629,0.0729731544852257,0.518251419067383,0.0720442831516266,0.217533618211746,1,0.171364948153496,-0.284805029630661,-0.231463685631752,-0.0271808076649904,-0.0663752853870392,-0.361207634210587,0.273358702659607,0.190894812345505,-0.53406685590744,-0.54213958978653,0.0108254542574286,-0.0151887470856309,0.68615597486496,0.34054434299469,0.55166882276535,-0.445347964763641,0.204190224409103,0.0241998210549355,0.193471863865852,0.164077922701836,0.171393513679504,0.241461336612701,-0.30300772190094,0.172975927591324,-0.0213547013700008,-0.244537174701691,0.437664061784744,0.597669184207916,-0.687835812568665,-0.381026417016983
"smmppd",-0.032614778727293,0.192407816648483,-0.015717264264822,-0.0355608947575092,0.903463304042816,0.0692291930317879,-0.633740186691284,-0.0272800512611866,0.192254558205605,0.0462979376316071,0.785508096218109,-0.492896169424057,-0.0199916511774063,-0.130493178963661,0.781536221504211,0.0632368251681328,0.895975828170776,0.171364948153496,1,-0.0693255066871643,0.518013000488281,0.857297539710999,0.299740731716156,-0.115996614098549,0.750226497650146,0.991571187973022,-0.543849587440491,-0.536933481693268,0.152531996369362,-0.195966154336929,-0.26556596159935,0.167969778180122,0.826786756515503,0.0740771368145943,0.986917734146118,0.755812168121338,0.989003300666809,0.911251306533813,0.993598222732544,0.916989028453827,0.0396090298891068,0.993766665458679,0.0740606561303139,0.0950945541262627,-0.027460228651762,0.488742649555206,0.492896169424057,-0.0296011194586754
"smnterrt",0.110064879059792,-0.10211269557476,0.167734503746033,-0.235219210386276,0.0216308273375034,-0.999682486057281,0.00876612309366465,-0.244695022702217,-0.414477556943893,-0.194492504000664,0.238510310649872,-0.197695046663284,0.269201368093491,0.105596445500851,-0.273124605417252,0.0545666962862015,-0.199735283851624,-0.284805029630661,-0.0693255066871643,1,0.351207047700882,0.0448411367833614,0.0717198178172112,0.0921688675880432,0.158085688948631,-0.0856663659214973,-0.0118702976033092,-0.040014062076807,0.00101964687928557,0.300194829702377,-0.279260545969009,-0.389032602310181,-0.18667271733284,0.257375925779343,-0.107748001813889,0.135401964187622,-0.105176441371441,-0.145540997385979,-0.0851199701428413,-0.231629207730293,0.184143275022507,-0.0830823555588722,-0.0281487125903368,0.388836324214935,-0.262554943561554,-0.120758026838303,0.197695046663284,0.123361557722092
"smrrnanm",0.122983880341053,0.0395291857421398,0.0359713993966579,-0.205079391598701,0.561292231082916,-0.349262446165085,-0.247806265950203,-0.213266491889954,0.0103323766961694,-0.183377891778946,0.477467775344849,-0.538203835487366,0.263679563999176,-0.0463594160974026,0.323251694440842,0.172068819403648,0.364958494901657,-0.231463685631752,0.518013000488281,0.351207047700882,1,0.5365269780159,0.266321092844009,0.142199262976646,0.418504029512405,0.491533130407333,-0.206309571862221,-0.204942792654037,0.163355425000191,-0.0697770491242409,-0.447014629840851,-0.0701992958784103,0.350450456142426,0.318127632141113,0.470420867204666,0.649997413158417,0.475182384252548,0.391806304454803,0.501812756061554,0.392155677080154,0.240243315696716,0.503198862075806,0.0493276305496693,0.824512958526611,-0.22690138220787,0.117616251111031,0.538203835487366,0.0966374203562737
"smrdttl",-0.00160374259576201,0.208074122667313,0.0380075611174107,-0.376942038536072,0.820270359516144,-0.0435689054429531,-0.442122220993042,-0.371102750301361,0.122887670993805,-0.0449762679636478,0.68271803855896,-0.638596057891846,-0.0341377854347229,-0.134785711765289,0.596585392951965,0.0663555040955544,0.698343515396118,-0.0271808076649904,0.857297539710999,0.0448411367833614,0.5365269780159,1,0.481319040060043,-0.0183367263525724,0.633879423141479,0.818583190441132,-0.341188043355942,-0.33134064078331,0.211128517985344,-0.137399286031723,-0.573623061180115,-0.144464299082756,0.62367981672287,0.357950150966644,0.807761907577515,0.781601369380951,0.814380884170532,0.719326913356781,0.861349701881409,0.788851320743561,0.249609246850014,0.855662405490875,-0.0766889825463295,0.0261213481426239,-0.368270456790924,0.268297344446182,0.638596057891846,0.221274495124817
"smvqcfl",0.0740159600973129,0.174756675958633,0.00270505575463176,-0.463694959878922,0.314517110586166,-0.0738654658198357,-0.041491910815239,-0.415492326021194,0.101392351090908,-0.0257869958877563,0.264658629894257,-0.259944558143616,-0.113317757844925,-0.0991576388478279,0.178083166480064,0.113386236131191,0.196525484323502,-0.0663752853870392,0.299740731716156,0.0717198178172112,0.266321092844009,0.481319040060043,1,0.026775773614645,0.256546705961227,0.258800864219666,-0.0106960302218795,0.00277956807985902,0.232478141784668,-0.118082210421562,-0.395220905542374,-0.230470508337021,0.167775690555573,0.433962374925613,0.247408673167229,0.484835058450699,0.253605008125305,0.187634587287903,0.301875740289688,0.313371211290359,0.339529931545258,0.297561019659042,-0.0761023089289665,0.00228920695371926,-0.354426801204681,-0.0366003327071667,0.259944558143616,0.336959838867188
"smmncv",-0.0231671016663313,-0.117857784032822,0.0896663814783096,-0.158113479614258,-0.0324392803013325,-0.0847892835736275,0.414416074752808,-0.169358104467392,0.223322004079819,-0.396216630935669,-0.243829593062401,-0.256030082702637,0.326320946216583,-0.0115898540243506,-0.161997184157372,0.0307305250316858,-0.0886058956384659,-0.361207634210587,-0.115996614098549,0.0921688675880432,0.142199262976646,-0.0183367263525724,0.026775773614645,1,-0.305248498916626,-0.127025529742241,0.469379276037216,0.434421598911285,-0.0298507381230593,-0.248857051134109,-0.280830860137939,0.0104656787589192,-0.278358191251755,0.204467445611954,-0.144565373659134,0.00603741267696023,-0.137571781873703,-0.0787600129842758,-0.12789748609066,-0.147960916161537,0.188146367669106,-0.130020067095757,0.0022159640211612,0.156942695379257,-0.183234333992004,-0.413162022829056,0.256030082702637,0.242206960916519
"smtrscpt",-0.0135740386322141,0.128759101033211,0.00604861089959741,-0.0332262851297855,0.692072033882141,-0.162685349583626,-0.688060820102692,-0.0235010907053947,0.038226030766964,0.0758617222309113,0.973261952400208,-0.257255703210831,-0.0668583363294601,-0.117186337709427,0.631418824195862,0.126870661973953,0.646873950958252,0.273358702659607,0.750226497650146,0.158085688948631,0.418504029512405,0.633879423141479,0.256546705961227,-0.305248498916626,1,0.742235720157623,-0.6618971824646,-0.658335566520691,0.127866193652153,-0.0633527487516403,-0.104496590793133,0.0799820050597191,0.706981897354126,0.0499936044216156,0.733613193035126,0.648576855659485,0.733129620552063,0.638064801692963,0.742533445358276,0.686766684055328,0.0480109192430973,0.742100954055786,0.0269385632127523,0.113806501030922,-0.0179077107459307,0.566924214363098,0.257255703210831,-0.0823446363210678
"smmppdpr",-0.0340163558721542,0.191399365663528,-0.0159082468599081,0.0324304923415184,0.885568201541901,0.0854806900024414,-0.63886421918869,0.0382364578545094,0.192074745893478,0.0501944608986378,0.771285235881805,-0.455433160066605,-0.0209862887859344,-0.129205405712128,0.785846173763275,0.0401660427451134,0.91878867149353,0.190894812345505,0.991571187973022,-0.0856663659214973,0.491533130407333,0.818583190441132,0.258800864219666,-0.127025529742241,0.742235720157623,1,-0.55646675825119,-0.55090457201004,0.0812223926186562,-0.193099424242973,-0.209805399179459,0.22278293967247,0.835286259651184,0.00858809612691402,0.997151970863342,0.716262876987457,0.997604608535767,0.934039294719696,0.983257055282593,0.911906003952026,-0.0148723376914859,0.984929919242859,0.0957145541906357,0.0903341323137283,0.0356758870184422,0.505675375461578,0.455433160066605,-0.070165604352951
"smcglgth",0.00716708181425929,-0.0735940113663673,0.0553437918424606,-0.251594930887222,-0.491833925247192,0.0133133661001921,0.921239376068115,-0.261887401342392,0.0836450681090355,-0.251804053783417,-0.664076030254364,-0.104448616504669,0.0140498233959079,0.0424961447715759,-0.649332046508789,-0.142855018377304,-0.489335000514984,-0.53406685590744,-0.543849587440491,-0.0118702976033092,-0.206309571862221,-0.341188043355942,-0.0106960302218795,0.469379276037216,-0.6618971824646,-0.55646675825119,1,0.973470568656921,-0.0622932650148869,-0.0865562856197357,-0.259548008441925,-0.193083912134171,-0.734591364860535,0.249775037169456,-0.560474991798401,-0.376195251941681,-0.552059173583984,-0.479861825704575,-0.533833265304565,-0.478693574666977,0.152768984436989,-0.536745190620422,-0.104910962283611,-0.0504605285823345,-0.26303493976593,-0.81474369764328,0.104448616504669,0.362193584442139
"smgappct",-0.00249790214002132,-0.0558536201715469,0.0374426729977131,-0.252980262041092,-0.479968428611755,0.0415832921862602,0.893504798412323,-0.263251096010208,0.111530996859074,-0.197942599654198,-0.668617486953735,-0.114377945661545,0.0111263291910291,0.0493641942739487,-0.631490767002106,-0.13621897995472,-0.480156153440475,-0.54213958978653,-0.536933481693268,-0.040014062076807,-0.204942792654037,-0.33134064078331,0.00277956807985902,0.434421598911285,-0.658335566520691,-0.55090457201004,0.973470568656921,1,-0.0555125288665295,-0.114261128008366,-0.268283993005753,-0.182342603802681,-0.727998554706573,0.2510766685009,-0.555068016052246,-0.367970883846283,-0.546251773834229,-0.477192521095276,-0.526236712932587,-0.456296324729919,0.158748865127563,-0.529936552047729,-0.127005755901337,-0.0562402941286564,-0.266100257635117,-0.79036557674408,0.114377945661545,0.370146572589874
"smunpdrd",-0.0837776735424995,-0.0334189087152481,-0.0132852597162127,-0.206743225455284,0.14666123688221,-0.00145837944000959,-0.0981208980083466,-0.167957380414009,0.0364940166473389,-0.00446180161088705,0.149864017963409,-0.165385231375694,-0.071210078895092,-0.01269765291363,0.121384017169476,0.0813598334789276,0.0123303076252341,0.0108254542574286,0.152531996369362,0.00101964687928557,0.163355425000191,0.211128517985344,0.232478141784668,-0.0298507381230593,0.127866193652153,0.0812223926186562,-0.0622932650148869,-0.0555125288665295,1,-0.0380647853016853,-0.174237072467804,-0.146925300359726,0.120627745985985,0.192622542381287,0.0615965574979782,0.231536358594894,0.0672039389610291,0.00799705646932125,0.102932877838612,0.135921090841293,0.185919001698494,0.0992111042141914,-0.0327952578663826,0.0884046033024788,-0.210909828543663,0.035215001553297,0.165385231375694,0.120288543403149
"smntrnrt",0.375695705413818,-0.411898821592331,0.105016693472862,-0.0591253340244293,-0.241535320878029,-0.299836307764053,-0.0440296605229378,-0.0757829695940018,-0.987791121006012,0.0153773473575711,0.0086170444265008,0.147401705384254,0.21337927877903,0.127059146761894,-0.435104221105576,-0.0804456099867821,-0.323951423168182,-0.0151887470856309,-0.195966154336929,0.300194829702377,-0.0697770491242409,-0.137399286031723,-0.118082210421562,-0.248857051134109,-0.0633527487516403,-0.193099424242973,-0.0865562856197357,-0.114261128008366,-0.0380647853016853,1,0.0646163523197174,-0.600015044212341,-0.190609157085419,-0.0434641689062119,-0.185677722096443,-0.145656332373619,-0.191233187913895,-0.257779568433762,-0.205801203846931,-0.455229550600052,-0.0938908085227013,-0.200797975063324,0.127547383308411,-0.00079578411532566,-0.0898979753255844,-0.0891435891389847,-0.147401705384254,-0.123109966516495
"smmpunrt",-0.0497180260717869,-0.0745967552065849,-0.120031371712685,0.797762811183929,-0.294907063245773,0.277411878108978,-0.207141116261482,0.810152590274811,-0.0205988343805075,0.316666424274445,-0.169193640351295,0.85673576593399,-0.0627515912055969,-0.0210334397852421,0.0990233048796654,-0.0679382830858231,-0.106122046709061,0.68615597486496,-0.26556596159935,-0.279260545969009,-0.447014629840851,-0.573623061180115,-0.395220905542374,-0.280830860137939,-0.104496590793133,-0.209805399179459,-0.259548008441925,-0.268283993005753,-0.174237072467804,0.0646163523197174,1,0.553428888320923,0.115198269486427,-0.752695322036743,-0.193216249346733,-0.445345789194107,-0.205993101000786,-0.149900421500206,-0.272444546222687,-0.192743092775345,-0.551984131336212,-0.264927268028259,0.174322500824928,-0.153009921312332,0.809472143650055,0.346298933029175,-0.85673576593399,-0.529765188694
"smexpeff",-0.20835317671299,0.169873297214508,-0.11547289788723,0.734020948410034,0.148313581943512,0.388256222009659,-0.202258795499802,0.750731706619263,0.628231108188629,0.178198516368866,0.00359550141729414,0.252031028270721,-0.0865298956632614,-0.112464509904385,0.480653256177902,0.0492503605782986,0.385887175798416,0.34054434299469,0.167969778180122,-0.389032602310181,-0.0701992958784103,-0.144464299082756,-0.230470508337021,0.0104656787589192,0.0799820050597191,0.22278293967247,-0.193083912134171,-0.182342603802681,-0.146925300359726,-0.600015044212341,0.553428888320923,1,0.345651924610138,-0.567802786827087,0.232728585600853,-0.0880493223667145,0.226003795862198,0.328903317451477,0.162528559565544,0.328844517469406,-0.383494347333908,0.169856145977974,0.224162101745605,0.0331394821405411,0.747699797153473,0.350501209497452,-0.252031028270721,-0.400000363588333
"smmppdun",-0.10589599609375,0.243398934602737,-0.0775739178061485,0.210005342960358,0.722419679164886,0.184940159320831,-0.816953301429749,0.22623048722744,0.201357558369637,0.185015961527824,0.694250524044037,-0.0830384120345116,-0.0712869539856911,-0.118903316557407,0.945391178131104,0.128113552927971,0.795465230941772,0.55166882276535,0.826786756515503,-0.18667271733284,0.350450456142426,0.62367981672287,0.167775690555573,-0.278358191251755,0.706981897354126,0.835286259651184,-0.734591364860535,-0.727998554706573,0.120627745985985,-0.190609157085419,0.115198269486427,0.345651924610138,1,-0.188130617141724,0.838906645774841,0.583863496780396,0.8323894739151,0.776721239089966,0.818902552127838,0.803936421871185,-0.133224084973335,0.819949924945831,0.0490983799099922,0.0594183057546616,0.229156166315079,0.709423303604126,0.0830384120345116,-0.254927784204483
"sme2mmrt",0.0515446402132511,0.0247177872806787,0.0900197774171829,-0.839100003242493,0.143573671579361,-0.255531311035156,0.224454909563065,-0.836969375610352,0.00887557491660118,-0.258218586444855,0.107647322118282,-0.541052281856537,0.0552782490849495,-0.0798412188887596,-0.176609143614769,0.238900408148766,-0.142202913761139,-0.445347964763641,0.0740771368145943,0.257375925779343,0.318127632141113,0.357950150966644,0.433962374925613,0.204467445611954,0.0499936044216156,0.00858809612691402,0.249775037169456,0.2510766685009,0.192622542381287,-0.0434641689062119,-0.752695322036743,-0.567802786827087,-0.188130617141724,1,-0.00439860252663493,0.326701790094376,0.00818452797830105,-0.120150618255138,0.0901275873184204,0.0337884165346622,0.785499751567841,0.0841011628508568,-0.19300639629364,0.116941452026367,-0.809954464435577,-0.330273598432541,0.541052281856537,0.585274517536163
"sme2anti",-0.0329211428761482,0.194548398256302,-0.0212227758020163,0.0478884056210518,0.877183377742767,0.107353955507278,-0.643453896045685,0.0530183389782906,0.189919948577881,0.0704853087663651,0.760985016822815,-0.439088642597198,-0.0335346274077892,-0.128776162862778,0.78602522611618,0.0477759800851345,0.917397260665894,0.204190224409103,0.986917734146118,-0.107748001813889,0.470420867204666,0.807761907577515,0.247408673167229,-0.144565373659134,0.733613193035126,0.997151970863342,-0.560474991798401,-0.555068016052246,0.0615965574979782,-0.185677722096443,-0.193216249346733,0.232728585600853,0.838906645774841,-0.00439860252663493,1,0.70373797416687,0.999462008476257,0.933159410953522,0.982905864715576,0.91055428981781,-0.0166001375764608,0.985185503959656,0.111296616494656,0.0738544836640358,0.0503504686057568,0.516268730163574,0.439088642597198,-0.091706708073616
"smaltalg",0.0690377503633499,0.146990463137627,-0.00115651066880673,-0.291023701429367,0.791535675525665,-0.135751321911812,-0.444032430648804,-0.279112577438354,0.107441112399101,-0.0623923316597939,0.69691675901413,-0.508391439914703,0.0353766866028309,-0.110747493803501,0.554564476013184,0.162496343255043,0.597428798675537,0.0241998210549355,0.755812168121338,0.135401964187622,0.649997413158417,0.781601369380951,0.484835058450699,0.00603741267696023,0.648576855659485,0.716262876987457,-0.376195251941681,-0.367970883846283,0.231536358594894,-0.145656332373619,-0.445345789194107,-0.0880493223667145,0.583863496780396,0.326701790094376,0.70373797416687,1,0.708912551403046,0.601634621620178,0.752475261688232,0.669920265674591,0.258281201124191,0.748936533927917,-0.0679825991392136,0.269057422876358,-0.270973473787308,0.301184326410294,0.508391439914703,0.152605623006821
"sme2snse",-0.0330678671598434,0.194528415799141,-0.0202920380979776,0.0360783562064171,0.88115131855011,0.10487724840641,-0.635930776596069,0.0417305082082748,0.194778874516487,0.0640307739377022,0.761603951454163,-0.450845956802368,-0.0313098765909672,-0.129634663462639,0.781858444213867,0.0403978563845158,0.918200612068176,0.193471863865852,0.989003300666809,-0.105176441371441,0.475182384252548,0.814380884170532,0.253605008125305,-0.137571781873703,0.733129620552063,0.997604608535767,-0.552059173583984,-0.546251773834229,0.0672039389610291,-0.191233187913895,-0.205993101000786,0.226003795862198,0.8323894739151,0.00818452797830105,0.999462008476257,0.708912551403046,1,0.934673428535461,0.985561966896057,0.912567734718323,-0.0123813468962908,0.9873326420784,0.0985662713646889,0.0751281753182411,0.0400290787220001,0.506809294223785,0.450845956802368,-0.0695624500513077
"smmflgth",-0.0479629375040531,0.193187206983566,-0.0214159581810236,0.131543859839439,0.810632884502411,0.145588785409927,-0.559962451457977,0.142992407083511,0.266390919685364,0.0236705597490072,0.654867470264435,-0.427190005779266,-0.0490131415426731,-0.106030255556107,0.75747674703598,-0.172455623745918,0.982438147068024,0.164077922701836,0.911251306533813,-0.145540997385979,0.391806304454803,0.719326913356781,0.187634587287903,-0.0787600129842758,0.638064801692963,0.934039294719696,-0.479861825704575,-0.477192521095276,0.00799705646932125,-0.257779568433762,-0.149900421500206,0.328903317451477,0.776721239089966,-0.120150618255138,0.933159410953522,0.601634621620178,0.934673428535461,1,0.906431376934052,0.862388551235199,-0.239673525094986,0.906587600708008,0.0545054972171783,0.0402472391724586,0.147071838378906,0.458829313516617,0.427190005779266,-0.0412098728120327
"sme1anti",-0.0268054120242596,0.206282049417496,-0.0135501809418201,-0.0503079853951931,0.90208888053894,0.084862157702446,-0.624976634979248,-0.0396965555846691,0.205412656068802,0.0552430935204029,0.776346147060394,-0.49129655957222,-0.0313435681164265,-0.130922421813011,0.778402149677277,0.0594175718724728,0.890641629695892,0.171393513679504,0.993598222732544,-0.0851199701428413,0.501812756061554,0.861349701881409,0.301875740289688,-0.12789748609066,0.742533445358276,0.983257055282593,-0.533833265304565,-0.526236712932587,0.102932877838612,-0.205801203846931,-0.272444546222687,0.162528559565544,0.818902552127838,0.0901275873184204,0.982905864715576,0.752475261688232,0.985561966896057,0.906431376934052,1,0.920564770698547,0.0497476793825626,0.999352514743805,0.0570375435054302,0.0718988925218582,-0.031877875328064,0.485882878303528,0.49129655957222,-0.0113508189097047
"smspltrd",-0.149477586150169,0.382186233997345,-0.0571253262460232,-0.00377347436733544,0.843712091445923,0.230315238237381,-0.561246693134308,0.00868111476302147,0.461975961923599,0.130968928337097,0.671271622180939,-0.388631969690323,-0.206520810723305,-0.111176751554012,0.855329871177673,0.0398653782904148,0.88528960943222,0.241461336612701,0.916989028453827,-0.231629207730293,0.392155677080154,0.788851320743561,0.313371211290359,-0.147960916161537,0.686766684055328,0.911906003952026,-0.478693574666977,-0.456296324729919,0.135921090841293,-0.455229550600052,-0.192743092775345,0.328844517469406,0.803936421871185,0.0337884165346622,0.91055428981781,0.669920265674591,0.912567734718323,0.862388551235199,0.920564770698547,1,0.0189307276159525,0.917490780353546,-0.0191380046308041,-0.0100676035508513,0.0125875249505043,0.505355298519135,0.388631969690323,-0.0196957495063543
"smbsmmrt",0.00544154783710837,0.0130695160478354,0.00609731581062078,-0.623354971408844,0.0866448879241943,-0.182549148797989,0.138521879911423,-0.631987750530243,0.0622722133994102,-0.151905417442322,0.0855616182088852,-0.373698115348816,0.0328292995691299,-0.118474066257477,-0.114320084452629,0.666568994522095,-0.245610162615776,-0.30300772190094,0.0396090298891068,0.184143275022507,0.240243315696716,0.249609246850014,0.339529931545258,0.188146367669106,0.0480109192430973,-0.0148723376914859,0.152768984436989,0.158748865127563,0.185919001698494,-0.0938908085227013,-0.551984131336212,-0.383494347333908,-0.133224084973335,0.785499751567841,-0.0166001375764608,0.258281201124191,-0.0123813468962908,-0.239673525094986,0.0497476793825626,0.0189307276159525,1,0.05164759978652,0.0279278848320246,0.0901938751339912,-0.639723658561707,-0.202756434679031,0.373698115348816,0.288767099380493
"sme1snse",-0.0234491974115372,0.201566487550735,-0.0144111551344395,-0.0408094823360443,0.900155246257782,0.0828256383538246,-0.626810669898987,-0.0302280783653259,0.200469121336937,0.0590909086167812,0.776541292667389,-0.488209366798401,-0.0255669001489878,-0.130922421813011,0.776515424251556,0.0669301003217697,0.890231609344482,0.172975927591324,0.993766665458679,-0.0830823555588722,0.503198862075806,0.855662405490875,0.297561019659042,-0.130020067095757,0.742100954055786,0.984929919242859,-0.536745190620422,-0.529936552047729,0.0992111042141914,-0.200797975063324,-0.264927268028259,0.169856145977974,0.819949924945831,0.0841011628508568,0.985185503959656,0.748936533927917,0.9873326420784,0.906587600708008,0.999352514743805,0.917490780353546,0.05164759978652,1,0.081976018846035,0.076851949095726,-0.0227320343255997,0.489867597818375,0.488209366798401,-0.0261184182018042
"sme1pcts",0.166742026805878,-0.309515506029129,-0.033531665802002,0.264290779829025,0.0233198069036007,0.0296450648456812,-0.0866537466645241,0.272208333015442,-0.113867446780205,0.123430773615837,0.0550485625863075,-0.0135195413604379,0.225058227777481,-0.0982991307973862,-0.0261158552020788,0.248315781354904,0.0470747090876102,-0.0213547013700008,0.0740606561303139,-0.0281487125903368,0.0493276305496693,-0.0766889825463295,-0.0761023089289665,0.0022159640211612,0.0269385632127523,0.0957145541906357,-0.104910962283611,-0.127005755901337,-0.0327952578663826,0.127547383308411,0.174322500824928,0.224162101745605,0.0490983799099922,-0.19300639629364,0.111296616494656,-0.0679825991392136,0.0985662713646889,0.0545054972171783,0.0570375435054302,-0.0191380046308041,0.0279278848320246,0.081976018846035,1,0.0936139523983002,0.272228479385376,0.095368355512619,0.0135195413604379,-0.542832434177399
"smrrnart",0.144196793437004,-0.092290036380291,-0.00741734215989709,0.0164459608495235,0.149433463811874,-0.387661874294281,-0.0373729877173901,0.00604034215211868,-0.057189155369997,-0.17052449285984,0.152482137084007,-0.226914942264557,0.308355540037155,0.0472179241478443,0.0383199527859688,0.156260430812836,0.0210570339113474,-0.244537174701691,0.0950945541262627,0.388836324214935,0.824512958526611,0.0261213481426239,0.00228920695371926,0.156942695379257,0.113806501030922,0.0903341323137283,-0.0504605285823345,-0.0562402941286564,0.0884046033024788,-0.00079578411532566,-0.153009921312332,0.0331394821405411,0.0594183057546616,0.116941452026367,0.0738544836640358,0.269057422876358,0.0751281753182411,0.0402472391724586,0.0718988925218582,-0.0100676035508513,0.0901938751339912,0.076851949095726,0.0936139523983002,1,-0.012062007561326,-0.00548803573474288,0.226914942264557,-0.0484271086752415
