"","smatsscr","smrin","smtspax","sme2mprt","smchmprs","smntrart","smnumgps","smmaprt","smexncrt","sm550nrm","smgnsdtc","smunmprt","sm350nrm","smmncpb","sme1mmrt","smsflgth","smestlbs","smmppd","smnterrt","smrrnanm","smrdttl","smvqcfl","smmncv","smtrscpt","smmppdpr","smcglgth","smgappct","smunpdrd","smntrnrt","smmpunrt","smexpeff","smmppdun","sme2mmrt","sme2anti","smaltalg","sme2snse","smmflgth","sme1anti","smspltrd","smbsmmrt","sme1snse","sme1pcts","smrrnart","sme1mprt","smnum5cd","smdpmprt","sme2pcts"
"smatsscr",1,-0.237706854939461,-0.0267087854444981,0.0243924874812365,0.0355562679469585,0.086164154112339,-0.00231289677321911,0.0382292047142982,0.109770461916924,-0.154874190688133,0.0028058688621968,0.0701199620962143,0.183166772127151,0.0471839681267738,0.0154694253578782,0.0475965514779091,0.0564522445201874,-0.0164219848811626,-0.0868613570928574,0.0126373255625367,-0.0931377187371254,0.00273240637034178,0.182043045759201,0.052249152213335,-0.0130844181403518,0.0535618811845779,0.0631899014115334,0.0768962651491165,-0.0945815369486809,0.0815423727035522,0.133708864450455,0.0224967692047358,-0.121440142393112,-0.010344360023737,-0.0393031015992165,-0.0135588403791189,0.0278781894594431,-0.0318960025906563,0.00567294610664248,-0.070953369140625,-0.0268957726657391,0.130457431077957,0.0525116994976997,0.0520147606730461,-0.0483598634600639,-0.0701199620962143,-0.0754697769880295
"smrin",-0.237706854939461,1,0.0089082969352603,-0.0846038162708282,0.0724480599164963,0.0583122409880161,-0.010603697039187,-0.0680843070149422,0.12450348585844,0.239852383732796,-0.00242702080868185,-0.0443813316524029,-0.384423166513443,0.115259051322937,-0.0304529182612896,0.0768645480275154,0.0371741652488708,0.0920847803354263,-0.0607990622520447,-0.0618844516575336,0.150338381528854,0.205844536423683,-0.290268987417221,0.0082207228988409,0.0831109434366226,0.00971163716167212,0.0321841202676296,0.0554555654525757,-0.120787784457207,-0.0772069916129112,0.0161109548062086,0.0652101337909698,0.155755698680878,0.0837168246507645,0.0881437659263611,0.0864897444844246,0.0466563850641251,0.110166870057583,0.235426872968674,0.0989158302545547,0.10642746090889,-0.198573380708694,-0.131670013070107,-0.041808232665062,0.0349645204842091,0.0443813316524029,0.121202938258648
"smtspax",-0.0267087854444981,0.0089082969352603,1,-0.146938428282738,-0.0352950058877468,-0.0661294087767601,0.105780020356178,-0.140750542283058,-0.0792564004659653,-0.150058999657631,-0.0276987422257662,-0.115190967917442,0.0208872724324465,-0.140350818634033,-0.0194062236696482,-0.0850153788924217,-0.174857929348946,-0.058288112282753,0.0663918554782867,0.0105156591162086,0.0287533178925514,0.149543896317482,0.0588183589279652,-0.0287165623158216,-0.0669972375035286,0.0955079719424248,0.102437533438206,-0.0584625639021397,0.0802695229649544,-0.164079457521439,-0.094458781182766,-0.142293378710747,0.147632122039795,-0.0715377852320671,-0.0051662209443748,-0.0716494247317314,-0.0719633102416992,-0.0526671409606934,-0.0895234942436218,0.106264613568783,-0.0576472990214825,-0.106076054275036,-0.0122718000784516,-0.12280560284853,-0.148700460791588,0.115190967917442,0.130417570471764
"sme2mprt",0.0243924874812365,-0.0846038162708282,-0.146938428282738,1,-0.0713128447532654,0.318731248378754,-0.220706015825272,0.988440454006195,0.146445617079735,0.20954418182373,-0.163632318377495,0.419094413518906,-0.0173423048108816,0.231047928333282,-0.239286407828331,0.241595476865768,0.324257999658585,-0.0202758964151144,-0.316867053508759,-0.21000924706459,-0.391114175319672,-0.584931373596191,-0.198908060789108,-0.0839173793792725,0.059444934129715,-0.27356544137001,-0.272132098674774,-0.220661416649818,-0.0977386608719826,0.736320793628693,0.733081996440887,0.199434369802475,-0.845229387283325,0.0842130929231644,-0.306953430175781,0.072124756872654,0.207425624132156,-0.0494501367211342,0.0386081710457802,-0.676663935184479,-0.0353861339390278,0.325729429721832,-0.0268738064914942,0.934267342090607,0.36384528875351,-0.419094413518906,-0.4950932264328
"smchmprs",0.0355562679469585,0.0724480599164963,-0.0352950058877468,-0.0713128447532654,1,-0.0451583676040173,-0.458455622196198,-0.0777743682265282,0.136207610368729,-0.0761565789580345,0.742190361022949,-0.42407813668251,0.0914514660835266,0.661866784095764,0.0725219994783401,0.762565612792969,0.14551405608654,0.853080868721008,0.0456074140965939,0.451506942510605,0.795319557189941,0.204442098736763,-0.0618581771850586,0.715503633022308,0.825671255588531,-0.356300741434097,-0.372714996337891,0.148319244384766,-0.159475326538086,-0.263976782560349,0.100526079535484,0.664473116397858,0.11970642209053,0.814461827278137,0.815738081932068,0.815377354621887,0.746107399463654,0.855958163738251,0.816115379333496,0.0509618073701859,0.848042130470276,0.0667233616113663,0.117162764072418,-0.0983472540974617,0.252042472362518,0.42407813668251,-0.0698531717061996
"smntrart",0.086164154112339,0.0583122409880161,-0.0661294087767601,0.318731248378754,-0.0451583676040173,1,-0.0832652077078819,0.325695246458054,0.595462083816528,0.221167087554932,-0.188890695571899,0.202316671609879,-0.194176480174065,0.31954425573349,-0.0213894359767437,0.248777687549591,0.261463552713394,0.0832309499382973,-0.999811947345734,-0.497142255306244,-0.105484299361706,-0.146058887243271,-0.128376692533493,-0.0390358716249466,0.113599926233292,-0.029775707051158,0.0296888146549463,-0.143983408808708,-0.47697925567627,0.296933025121689,0.58806437253952,0.187559694051743,-0.294822722673416,0.148738220334053,-0.205217152833939,0.143692925572395,0.196434915065765,0.105344705283642,0.305900096893311,-0.206591352820396,0.112770199775696,0.154564797878265,-0.523989737033844,0.340607136487961,0.127526596188545,-0.202316671609879,-0.168516993522644
"smnumgps",-0.00231289677321911,-0.010603697039187,0.105780020356178,-0.220706015825272,-0.458455622196198,-0.0832652077078819,1,-0.215192183852196,0.112344473600388,-0.308992922306061,-0.514663696289062,-0.16755422949791,0.0149489818140864,-0.731813669204712,-0.143104046583176,-0.50605320930481,-0.633425712585449,-0.59233558177948,0.0818056836724281,-0.198828384280205,-0.38900825381279,0.057236559689045,0.456535816192627,-0.507051348686218,-0.601461946964264,0.900536477565765,0.855633974075317,-0.081108994781971,-0.136774718761444,-0.271808058023453,-0.132958278059959,-0.819441974163055,0.161303773522377,-0.607211887836456,-0.455956667661667,-0.603569746017456,-0.510366380214691,-0.578879952430725,-0.49784255027771,0.133631333708763,-0.583958923816681,-0.104564167559147,-0.0602513924241066,-0.216736987233162,-0.754074394702911,0.16755422949791,0.289963096380234
"smmaprt",0.0382292047142982,-0.0680843070149422,-0.140750542283058,0.988440454006195,-0.0777743682265282,0.325695246458054,-0.215192183852196,1,0.158864051103592,0.21874663233757,-0.169572874903679,0.432747483253479,-0.0222544148564339,0.229692593216896,-0.276510387659073,0.241005003452301,0.33460995554924,-0.0293679647147655,-0.323743790388107,-0.227074861526489,-0.40380933880806,-0.526370644569397,-0.205937922000885,-0.0866033062338829,0.0488397739827633,-0.269548922777176,-0.267007738351822,-0.200886934995651,-0.110209807753563,0.751680254936218,0.74458384513855,0.197462603449821,-0.855631172657013,0.0727721527218819,-0.309410214424133,0.0612051598727703,0.20551073551178,-0.0568047724664211,0.0352558009326458,-0.701234817504883,-0.0425965450704098,0.32346174120903,-0.0391366295516491,0.972723066806793,0.36991748213768,-0.432747483253479,-0.469184815883636
"smexncrt",0.109770461916924,0.12450348585844,-0.0792564004659653,0.146445617079735,0.136207610368729,0.595462083816528,0.112344473600388,0.158864051103592,1,-0.010036101564765,-0.181096434593201,-0.127788215875626,-0.180838569998741,0.353946447372437,0.0465956032276154,0.313829660415649,-0.0443727970123291,0.0991513282060623,-0.597986876964569,-0.11029064655304,0.0194582790136337,-0.01821618527174,0.139054134488106,-0.0411007441580296,0.107884086668491,0.164262443780899,0.204155251383781,-0.0235053207725286,-0.986396789550781,-0.0390030927956104,0.674540519714355,0.104500740766525,-0.0980726927518845,0.116505742073059,0.0295517146587372,0.116141803562641,0.218974739313126,0.114587761461735,0.41822338104248,-0.0379611290991306,0.118358202278614,0.115744031965733,-0.132871970534325,0.167479291558266,-0.00128200813196599,0.127788215875626,-0.0421058312058449
"sm550nrm",-0.154874190688133,0.239852383732796,-0.150058999657631,0.20954418182373,-0.0761565789580345,0.221167087554932,-0.308992922306061,0.21874663233757,-0.010036101564765,1,-0.0338554605841637,0.373322129249573,-0.304474234580994,0.184314146637917,-0.0167476087808609,0.0406916737556458,0.394380390644073,-0.00169577111955732,-0.222009271383286,-0.252072721719742,-0.12422538548708,-0.0886216685175896,-0.41142663359642,0.0101527310907841,0.0172198042273521,-0.354341059923172,-0.292578220367432,-0.0516563579440117,0.0567239336669445,0.369252920150757,0.155149877071381,0.181156933307648,-0.148229345679283,0.03229870647192,-0.0890717878937721,0.0293722376227379,-0.00824641995131969,0.000528459553606808,0.101209975779057,-0.140560269355774,0.00454176077619195,0.00311627332121134,-0.230257019400597,0.237930357456207,0.438836425542831,-0.373322129249573,-0.160371795296669
"smgnsdtc",0.0028058688621968,-0.00242702080868185,-0.0276987422257662,-0.163632318377495,0.742190361022949,-0.188890695571899,-0.514663696289062,-0.169572874903679,-0.181096434593201,-0.0338554605841637,1,-0.302617698907852,0.0666086003184319,0.524230718612671,0.101547688245773,0.590794801712036,0.251391977071762,0.788237929344177,0.187641113996506,0.42024177312851,0.742184400558472,0.264222264289856,-0.125855267047882,0.961492478847504,0.754590392112732,-0.463656216859818,-0.502232491970062,0.198889762163162,0.167420744895935,-0.202601283788681,-0.144497364759445,0.651744544506073,0.181590348482132,0.737845659255981,0.722224354743958,0.741854131221771,0.61735999584198,0.78280109167099,0.620809853076935,0.10370746254921,0.775682151317596,-0.0101746395230293,0.110283128917217,-0.173039555549622,0.330174773931503,0.302617698907852,-0.0268943160772324
"smunmprt",0.0701199620962143,-0.0443813316524029,-0.115190967917442,0.419094413518906,-0.42407813668251,0.202316671609879,-0.16755422949791,0.432747483253479,-0.127788215875626,0.373322129249573,-0.302617698907852,1,-0.196082711219788,-0.0210319068282843,-0.00806470587849617,-0.288999259471893,0.70900821685791,-0.440098196268082,-0.202876478433609,-0.529190957546234,-0.617504239082336,-0.294081330299377,-0.317796856164932,-0.212046802043915,-0.400936990976334,-0.228548973798752,-0.206163316965103,-0.157919153571129,0.175795763731003,0.874589145183563,0.195649325847626,0.00162241351790726,-0.4258052110672,-0.381158202886581,-0.493670582771301,-0.388729363679886,-0.364704996347427,-0.449972957372665,-0.336943536996841,-0.334676206111908,-0.443358331918716,-0.0385978445410728,-0.285171926021576,0.46092426776886,0.354471951723099,-1,-0.263450264930725
"sm350nrm",0.183166772127151,-0.384423166513443,0.0208872724324465,-0.0173423048108816,0.0914514660835266,-0.194176480174065,0.0149489818140864,-0.0222544148564339,-0.180838569998741,-0.304474234580994,0.0666086003184319,-0.196082711219788,1,-0.0924031436443329,-0.0263449903577566,0.0107521312311292,-0.210256740450859,0.0442492291331291,0.198454007506371,0.201659664511681,0.0327730365097523,0.00647113658487797,0.411257296800613,0.00445006554946303,0.0456679500639439,0.076787956058979,0.100380249321461,-0.0503588616847992,0.162192210555077,-0.111728243529797,-0.0921296551823616,-0.0477853491902351,-0.0102056078612804,0.0394314862787724,0.0566950924694538,0.0392516516149044,0.0597099773585796,0.0233366172760725,-0.130889177322388,-0.00755120255053043,0.0290310885757208,0.193780839443207,0.236628085374832,-0.0386516153812408,-0.181686148047447,0.196082711219788,-0.0269525051116943
"smmncpb",0.0471839681267738,0.115259051322937,-0.140350818634033,0.231047928333282,0.661866784095764,0.31954425573349,-0.731813669204712,0.229692593216896,0.353946447372437,0.184314146637917,0.524230718612671,-0.0210319068282843,-0.0924031436443329,1,0.138641223311424,0.784049928188324,0.558954238891602,0.768277943134308,-0.319667816162109,0.219699576497078,0.552557528018951,-0.00787846278399229,-0.245600700378418,0.573219299316406,0.775284349918365,-0.6173255443573,-0.599548757076263,0.0988505408167839,-0.334451496601105,0.136603236198425,0.44021463394165,0.947404026985168,-0.167635276913643,0.780039727687836,0.576701402664185,0.777342975139618,0.741798162460327,0.757862985134125,0.837203502655029,-0.137844607234001,0.76192969083786,0.106166951358318,0.00332815549336374,0.221865758299828,0.577013552188873,0.0210319068282843,-0.273164093494415
"sme1mmrt",0.0154694253578782,-0.0304529182612896,-0.0194062236696482,-0.239286407828331,0.0725219994783401,-0.0213894359767437,-0.143104046583176,-0.276510387659073,0.0465956032276154,-0.0167476087808609,0.101547688245773,-0.00806470587849617,-0.0263449903577566,0.138641223311424,1,-0.198437735438347,0.0708061009645462,0.0570209287106991,0.0215721167623997,0.119014143943787,0.134443461894989,0.190984711050987,-0.00216351496055722,0.115456350147724,0.0175605956465006,-0.152104839682579,-0.139605551958084,0.110362835228443,-0.0682282596826553,-0.13629911839962,-0.0974480807781219,0.131646603345871,0.294822722673416,0.0240794513374567,0.198476791381836,0.0189027562737465,-0.218311101198196,0.0703171715140343,0.0671278908848763,0.708219468593597,0.0686466842889786,0.132551118731499,0.0696494728326797,-0.310958564281464,0.0810035392642021,0.00806470587849617,-0.258796334266663
"smsflgth",0.0475965514779091,0.0768645480275154,-0.0850153788924217,0.241595476865768,0.762565612792969,0.248777687549591,-0.50605320930481,0.241005003452301,0.313829660415649,0.0406916737556458,0.590794801712036,-0.288999259471893,0.0107521312311292,0.784049928188324,-0.198437735438347,1,0.231819525361061,0.866944909095764,-0.248887568712234,0.303627759218216,0.620143413543701,-0.0224138367921114,-0.0993765592575073,0.608067810535431,0.89836972951889,-0.396903902292252,-0.402430862188339,-0.0302976816892624,-0.295378386974335,-0.0441666804254055,0.427623271942139,0.755869925022125,-0.196005314588547,0.903066098690033,0.594566762447357,0.9016193151474,0.975250422954559,0.851365864276886,0.870275497436523,-0.316435694694519,0.856582939624786,0.161959156394005,0.056618832051754,0.221837714314461,0.359481871128082,0.288999259471893,-0.136212587356567
"smestlbs",0.0564522445201874,0.0371741652488708,-0.174857929348946,0.324257999658585,0.14551405608654,0.261463552713394,-0.633425712585449,0.33460995554924,-0.0443727970123291,0.394380390644073,0.251391977071762,0.70900821685791,-0.210256740450859,0.558954238891602,0.0708061009645462,0.231819525361061,1,0.198762387037277,-0.261964231729507,-0.221353679895401,-0.00605698674917221,-0.153683796525002,-0.426976293325424,0.323427349328995,0.210204392671585,-0.601896405220032,-0.583642959594727,0.0393280126154423,0.0951772034168243,0.686022043228149,0.231153324246407,0.610461950302124,-0.311543643474579,0.225480228662491,0.0798732414841652,0.220730856060982,0.170223250985146,0.195312097668648,0.252748936414719,-0.270551353693008,0.199591055512428,-0.0179088674485683,-0.239662453532219,0.361864447593689,0.644541144371033,-0.70900821685791,-0.292690724134445
"smmppd",-0.0164219848811626,0.0920847803354263,-0.058288112282753,-0.0202758964151144,0.853080868721008,0.0832309499382973,-0.59233558177948,-0.0293679647147655,0.0991513282060623,-0.00169577111955732,0.788237929344177,-0.440098196268082,0.0442492291331291,0.768277943134308,0.0570209287106991,0.866944909095764,0.198762387037277,1,-0.0828801915049553,0.449407488107681,0.857171356678009,0.177353724837303,-0.112831644713879,0.749325335025787,0.989146649837494,-0.480122447013855,-0.493474721908569,0.137814998626709,-0.0941612347960472,-0.256732702255249,0.127678528428078,0.811701059341431,0.0912151783704758,0.983943223953247,0.800795674324036,0.986403942108154,0.898238122463226,0.992176711559296,0.888168513774872,0.0319682396948338,0.993081212043762,0.113518737256527,0.104260370135307,-0.0486200600862503,0.346977770328522,0.440098196268082,-0.0669858083128929
"smnterrt",-0.0868613570928574,-0.0607990622520447,0.0663918554782867,-0.316867053508759,0.0456074140965939,-0.999811947345734,0.0818056836724281,-0.323743790388107,-0.597986876964569,-0.222009271383286,0.187641113996506,-0.202876478433609,0.198454007506371,-0.319667816162109,0.0215721167623997,-0.248887568712234,-0.261964231729507,-0.0828801915049553,1,0.497645795345306,0.105242863297462,0.146470189094543,0.128696650266647,0.0369530133903027,-0.113205008208752,0.028581153601408,-0.0309262778609991,0.142145171761513,0.479706645011902,-0.296423077583313,-0.588657259941101,-0.187174379825592,0.293227016925812,-0.148356467485428,0.205279469490051,-0.143331825733185,-0.195979252457619,-0.1049914509058,-0.307234406471252,0.205837845802307,-0.112360328435898,-0.151403665542603,0.524523496627808,-0.338515728712082,-0.127926215529442,0.202876478433609,0.168598175048828
"smrrnanm",0.0126373255625367,-0.0618844516575336,0.0105156591162086,-0.21000924706459,0.451506942510605,-0.497142255306244,-0.198828384280205,-0.227074861526489,-0.11029064655304,-0.252072721719742,0.42024177312851,-0.529190957546234,0.201659664511681,0.219699576497078,0.119014143943787,0.303627759218216,-0.221353679895401,0.449407488107681,0.497645795345306,1,0.53503429889679,0.171087354421616,0.172401398420334,0.329307705163956,0.418071329593658,-0.139550536870956,-0.167774870991707,0.18443737924099,0.0216953288763762,-0.464448988437653,-0.196193099021912,0.284663408994675,0.247850731015205,0.391045093536377,0.6519495844841,0.3973129093647,0.357169210910797,0.434751629829407,0.261008083820343,0.181700348854065,0.430363357067108,-0.0081907669082284,0.877055883407593,-0.257205605506897,0.0138543788343668,0.529190957546234,0.105894528329372
"smrdttl",-0.0931377187371254,0.150338381528854,0.0287533178925514,-0.391114175319672,0.795319557189941,-0.105484299361706,-0.38900825381279,-0.40380933880806,0.0194582790136337,-0.12422538548708,0.742184400558472,-0.617504239082336,0.0327730365097523,0.552557528018951,0.134443461894989,0.620143413543701,-0.00605698674917221,0.857171356678009,0.105242863297462,0.53503429889679,1,0.403100311756134,-0.00631142407655716,0.6670041680336,0.800903558731079,-0.282556742429733,-0.300240516662598,0.23360250890255,-0.045047614723444,-0.580874621868134,-0.219492673873901,0.597695231437683,0.403178304433823,0.780004858970642,0.880681037902832,0.788597285747528,0.663596212863922,0.874790012836456,0.737415432929993,0.290039896965027,0.866263747215271,-0.107031218707561,0.11384741961956,-0.419927686452866,0.114709720015526,0.617504239082336,0.189163237810135
"smvqcfl",0.00273240637034178,0.205844536423683,0.149543896317482,-0.584931373596191,0.204442098736763,-0.146058887243271,0.057236559689045,-0.526370644569397,-0.01821618527174,-0.0886216685175896,0.264222264289856,-0.294081330299377,0.00647113658487797,-0.00787846278399229,0.190984711050987,-0.0224138367921114,-0.153683796525002,0.177353724837303,0.146470189094543,0.171087354421616,0.403100311756134,1,0.0995711907744408,0.23691663146019,0.124574720859528,0.0920020043849945,0.0970844998955727,0.242051780223846,-0.00689418893307447,-0.436281800270081,-0.36155641078949,0.017852246761322,0.522436738014221,0.101616643369198,0.400931626558304,0.113065056502819,-0.00366167235188186,0.195898592472076,0.145115554332733,0.453055053949356,0.187075391411781,-0.205387011170387,-0.0243297927081585,-0.438499629497528,-0.162261560559273,0.294081330299377,0.435447812080383
"smmncv",0.182043045759201,-0.290268987417221,0.0588183589279652,-0.198908060789108,-0.0618581771850586,-0.128376692533493,0.456535816192627,-0.205937922000885,0.139054134488106,-0.41142663359642,-0.125855267047882,-0.317796856164932,0.411257296800613,-0.245600700378418,-0.00216351496055722,-0.0993765592575073,-0.426976293325424,-0.112831644713879,0.128696650266647,0.172401398420334,-0.00631142407655716,0.0995711907744408,1,-0.176264315843582,-0.124851070344448,0.50560998916626,0.479162931442261,0.0263205673545599,-0.179365918040276,-0.332607984542847,-0.0990201160311699,-0.292547792196274,0.181581780314445,-0.1333869099617,0.00562930526211858,-0.131865620613098,-0.0709170401096344,-0.119835332036018,-0.18284398317337,0.175934135913849,-0.121872253715992,0.101411893963814,0.20731657743454,-0.231665074825287,-0.507241666316986,0.317796856164932,0.144467636942863
"smtrscpt",0.052249152213335,0.0082207228988409,-0.0287165623158216,-0.0839173793792725,0.715503633022308,-0.0390358716249466,-0.507051348686218,-0.0866033062338829,-0.0411007441580296,0.0101527310907841,0.961492478847504,-0.212046802043915,0.00445006554946303,0.573219299316406,0.115456350147724,0.608067810535431,0.323427349328995,0.749325335025787,0.0369530133903027,0.329307705163956,0.6670041680336,0.23691663146019,-0.176264315843582,1,0.723837852478027,-0.457194298505783,-0.484286189079285,0.166516035795212,0.0407154411077499,-0.107254900038242,-0.00195982377044857,0.66737312078476,0.107496336102486,0.71148419380188,0.65333616733551,0.714117228984833,0.607071220874786,0.744556367397308,0.65554279088974,0.0603387840092182,0.739095687866211,0.00417817942798138,0.0406492054462433,-0.0852732509374619,0.369425266981125,0.212046802043915,-0.0787855535745621
"smmppdpr",-0.0130844181403518,0.0831109434366226,-0.0669972375035286,0.059444934129715,0.825671255588531,0.113599926233292,-0.601461946964264,0.0488397739827633,0.107884086668491,0.0172198042273521,0.754590392112732,-0.400936990976334,0.0456679500639439,0.775284349918365,0.0175605956465006,0.89836972951889,0.210204392671585,0.989146649837494,-0.113205008208752,0.418071329593658,0.800903558731079,0.124574720859528,-0.124851070344448,0.723837852478027,1,-0.490389138460159,-0.502711713314056,0.0512391552329063,-0.0969733968377113,-0.193163007497787,0.192027390003204,0.817776918411255,0.0155222527682781,0.996693551540375,0.745340168476105,0.997465968132019,0.928323864936829,0.973285734653473,0.880714476108551,-0.0353918336331844,0.977036952972412,0.153709441423416,0.104123264551163,0.0253493208438158,0.368045330047607,0.400936990976334,-0.110768541693687
"smcglgth",0.0535618811845779,0.00971163716167212,0.0955079719424248,-0.27356544137001,-0.356300741434097,-0.029775707051158,0.900536477565765,-0.269548922777176,0.164262443780899,-0.354341059923172,-0.463656216859818,-0.228548973798752,0.076787956058979,-0.6173255443573,-0.152104839682579,-0.396903902292252,-0.601896405220032,-0.480122447013855,0.028581153601408,-0.139550536870956,-0.282556742429733,0.0920020043849945,0.50560998916626,-0.457194298505783,-0.490389138460159,1,0.970295250415802,-0.0357606038451195,-0.187082350254059,-0.327616810798645,-0.130376040935516,-0.715400755405426,0.206266790628433,-0.496119022369385,-0.350146681070328,-0.491575479507446,-0.404073625802994,-0.469937682151794,-0.377893477678299,0.157057195901871,-0.475063979625702,-0.0984688624739647,-0.0412775352597237,-0.277141988277435,-0.823045194149017,0.228548973798752,0.307839810848236
"smgappct",0.0631899014115334,0.0321841202676296,0.102437533438206,-0.272132098674774,-0.372714996337891,0.0296888146549463,0.855633974075317,-0.267007738351822,0.204155251383781,-0.292578220367432,-0.502232491970062,-0.206163316965103,0.100380249321461,-0.599548757076263,-0.139605551958084,-0.402430862188339,-0.583642959594727,-0.493474721908569,-0.0309262778609991,-0.167774870991707,-0.300240516662598,0.0970844998955727,0.479162931442261,-0.484286189079285,-0.502711713314056,0.970295250415802,1,-0.0397621616721153,-0.219923928380013,-0.310420125722885,-0.103902839124203,-0.717712879180908,0.199501305818558,-0.506635665893555,-0.363035321235657,-0.502682864665985,-0.417358726263046,-0.482271671295166,-0.364851802587509,0.15696032345295,-0.486849397420883,-0.0879863798618317,-0.0667465031147003,-0.269798547029495,-0.78086245059967,0.206163316965103,0.285225361585617
"smunpdrd",0.0768962651491165,0.0554555654525757,-0.0584625639021397,-0.220661416649818,0.148319244384766,-0.143983408808708,-0.081108994781971,-0.200886934995651,-0.0235053207725286,-0.0516563579440117,0.198889762163162,-0.157919153571129,-0.0503588616847992,0.0988505408167839,0.110362835228443,-0.0302976816892624,0.0393280126154423,0.137814998626709,0.142145171761513,0.18443737924099,0.23360250890255,0.242051780223846,0.0263205673545599,0.166516035795212,0.0512391552329063,-0.0357606038451195,-0.0397621616721153,1,0.0026846481487155,-0.18761970102787,-0.183266952633858,0.107625238597393,0.221635609865189,0.0346349962055683,0.240720391273499,0.0409657694399357,-0.019401416182518,0.122286677360535,0.121311791241169,0.203757241368294,0.118672326207161,-0.0922726914286613,0.0552756562829018,-0.218837305903435,-0.0442248359322548,0.157919153571129,0.135721921920776
"smntrnrt",-0.0945815369486809,-0.120787784457207,0.0802695229649544,-0.0977386608719826,-0.159475326538086,-0.47697925567627,-0.136774718761444,-0.110209807753563,-0.986396789550781,0.0567239336669445,0.167420744895935,0.175795763731003,0.162192210555077,-0.334451496601105,-0.0682282596826553,-0.295378386974335,0.0951772034168243,-0.0941612347960472,0.479706645011902,0.0216953288763762,-0.045047614723444,-0.00689418893307447,-0.179365918040276,0.0407154411077499,-0.0969733968377113,-0.187082350254059,-0.219923928380013,0.0026846481487155,1,0.0981763154268265,-0.630576848983765,-0.0840389579534531,0.0488162711262703,-0.100235670804977,-0.0787992253899574,-0.100807577371597,-0.200482979416847,-0.107806101441383,-0.405321359634399,-0.00391359208151698,-0.110544189810753,-0.0971375554800034,0.0414830073714256,-0.11665103584528,0.0259037241339684,-0.175795763731003,0.0187724214047194
"smmpunrt",0.0815423727035522,-0.0772069916129112,-0.164079457521439,0.736320793628693,-0.263976782560349,0.296933025121689,-0.271808058023453,0.751680254936218,-0.0390030927956104,0.369252920150757,-0.202601283788681,0.874589145183563,-0.111728243529797,0.136603236198425,-0.13629911839962,-0.0441666804254055,0.686022043228149,-0.256732702255249,-0.296423077583313,-0.464448988437653,-0.580874621868134,-0.436281800270081,-0.332607984542847,-0.107254900038242,-0.193163007497787,-0.327616810798645,-0.310420125722885,-0.18761970102787,0.0981763154268265,1,0.486398577690125,0.14627468585968,-0.681508779525757,-0.169248074293137,-0.453201770782471,-0.180176928639412,-0.108981944620609,-0.276952683925629,-0.167379945516586,-0.554793119430542,-0.266875624656677,0.157227754592896,-0.224529787898064,0.763848006725311,0.459090530872345,-0.874589145183563,-0.439232498407364
"smexpeff",0.133708864450455,0.0161109548062086,-0.094458781182766,0.733081996440887,0.100526079535484,0.58806437253952,-0.132958278059959,0.74458384513855,0.674540519714355,0.155149877071381,-0.144497364759445,0.195649325847626,-0.0921296551823616,0.44021463394165,-0.0974480807781219,0.427623271942139,0.231153324246407,0.127678528428078,-0.588657259941101,-0.196193099021912,-0.219492673873901,-0.36155641078949,-0.0990201160311699,-0.00195982377044857,0.192027390003204,-0.130376040935516,-0.103902839124203,-0.183266952633858,-0.630576848983765,0.486398577690125,1,0.266078323125839,-0.62619960308075,0.216678023338318,-0.141296684741974,0.206971317529678,0.348216623067856,0.110695891082287,0.357487201690674,-0.479266166687012,0.125004902482033,0.382446944713593,-0.0962597578763962,0.736139893531799,0.297041416168213,-0.195649325847626,-0.434138059616089
"smmppdun",0.0224967692047358,0.0652101337909698,-0.142293378710747,0.199434369802475,0.664473116397858,0.187559694051743,-0.819441974163055,0.197462603449821,0.104500740766525,0.181156933307648,0.651744544506073,0.00162241351790726,-0.0477853491902351,0.947404026985168,0.131646603345871,0.755869925022125,0.610461950302124,0.811701059341431,-0.187174379825592,0.284663408994675,0.597695231437683,0.017852246761322,-0.292547792196274,0.66737312078476,0.817776918411255,-0.715400755405426,-0.717712879180908,0.107625238597393,-0.0840389579534531,0.14627468585968,0.266078323125839,1,-0.150514468550682,0.821082234382629,0.615634381771088,0.818757593631744,0.749383389949799,0.7977175116539,0.758044600486755,-0.134968712925911,0.801584780216217,0.093730702996254,0.0596147924661636,0.191158846020699,0.614119291305542,-0.00162241351790726,-0.257650017738342
"sme2mmrt",-0.121440142393112,0.155755698680878,0.147632122039795,-0.845229387283325,0.11970642209053,-0.294822722673416,0.161303773522377,-0.855631172657013,-0.0980726927518845,-0.148229345679283,0.181590348482132,-0.4258052110672,-0.0102056078612804,-0.167635276913643,0.294822722673416,-0.196005314588547,-0.311543643474579,0.0912151783704758,0.293227016925812,0.247850731015205,0.403178304433823,0.522436738014221,0.181581780314445,0.107496336102486,0.0155222527682781,0.206266790628433,0.199501305818558,0.221635609865189,0.0488162711262703,-0.681508779525757,-0.62619960308075,-0.150514468550682,1,-0.00445985654368997,0.366029441356659,0.00785602815449238,-0.166488751769066,0.125359937548637,0.0378158390522003,0.795603334903717,0.111792340874672,-0.323744863271713,0.0622638575732708,-0.833246827125549,-0.289678633213043,0.4258052110672,0.498313128948212
"sme2anti",-0.010344360023737,0.0837168246507645,-0.0715377852320671,0.0842130929231644,0.814461827278137,0.148738220334053,-0.607211887836456,0.0727721527218819,0.116505742073059,0.03229870647192,0.737845659255981,-0.381158202886581,0.0394314862787724,0.780039727687836,0.0240794513374567,0.903066098690033,0.225480228662491,0.983943223953247,-0.148356467485428,0.391045093536377,0.780004858970642,0.101616643369198,-0.1333869099617,0.71148419380188,0.996693551540375,-0.496119022369385,-0.506635665893555,0.0346349962055683,-0.100235670804977,-0.169248074293137,0.216678023338318,0.821082234382629,-0.00445985654368997,1,0.726118743419647,0.999466180801392,0.931331157684326,0.97129225730896,0.88088470697403,-0.0446875914931297,0.974886059761047,0.175533324480057,0.0843605175614357,0.048523910343647,0.376893132925034,0.381158202886581,-0.141975075006485
"smaltalg",-0.0393031015992165,0.0881437659263611,-0.0051662209443748,-0.306953430175781,0.815738081932068,-0.205217152833939,-0.455956667661667,-0.309410214424133,0.0295517146587372,-0.0890717878937721,0.722224354743958,-0.493670582771301,0.0566950924694538,0.576701402664185,0.198476791381836,0.594566762447357,0.0798732414841652,0.800795674324036,0.205279469490051,0.6519495844841,0.880681037902832,0.400931626558304,0.00562930526211858,0.65333616733551,0.745340168476105,-0.350146681070328,-0.363035321235657,0.240720391273499,-0.0787992253899574,-0.453201770782471,-0.141296684741974,0.615634381771088,0.366029441356659,0.726118743419647,1,0.733360469341278,0.61123526096344,0.816911220550537,0.695974111557007,0.263253331184387,0.808595061302185,-0.0984369814395905,0.296227216720581,-0.311466366052628,0.220683485269547,0.493670582771301,0.134511470794678
"sme2snse",-0.0135588403791189,0.0864897444844246,-0.0716494247317314,0.072124756872654,0.815377354621887,0.143692925572395,-0.603569746017456,0.0612051598727703,0.116141803562641,0.0293722376227379,0.741854131221771,-0.388729363679886,0.0392516516149044,0.777342975139618,0.0189027562737465,0.9016193151474,0.220730856060982,0.986403942108154,-0.143331825733185,0.3973129093647,0.788597285747528,0.113065056502819,-0.131865620613098,0.714117228984833,0.997465968132019,-0.491575479507446,-0.502682864665985,0.0409657694399357,-0.100807577371597,-0.180176928639412,0.206971317529678,0.818757593631744,0.00785602815449238,0.999466180801392,0.733360469341278,1,0.931102752685547,0.974179565906525,0.881647527217865,-0.0390258841216564,0.977660834789276,0.161178737878799,0.0867332443594933,0.0380636863410473,0.37206158041954,0.388729363679886,-0.119417257606983
"smmflgth",0.0278781894594431,0.0466563850641251,-0.0719633102416992,0.207425624132156,0.746107399463654,0.196434915065765,-0.510366380214691,0.20551073551178,0.218974739313126,-0.00824641995131969,0.61735999584198,-0.364704996347427,0.0597099773585796,0.741798162460327,-0.218311101198196,0.975250422954559,0.170223250985146,0.898238122463226,-0.195979252457619,0.357169210910797,0.663596212863922,-0.00366167235188186,-0.0709170401096344,0.607071220874786,0.928323864936829,-0.404073625802994,-0.417358726263046,-0.019401416182518,-0.200482979416847,-0.108981944620609,0.348216623067856,0.749383389949799,-0.166488751769066,0.931331157684326,0.61123526096344,0.931102752685547,1,0.881371200084686,0.828492760658264,-0.2952900826931,0.88699346780777,0.170603409409523,0.100697413086891,0.185295507311821,0.328197032213211,0.364704996347427,-0.0966586098074913
"sme1anti",-0.0318960025906563,0.110166870057583,-0.0526671409606934,-0.0494501367211342,0.855958163738251,0.105344705283642,-0.578879952430725,-0.0568047724664211,0.114587761461735,0.000528459553606808,0.78280109167099,-0.449972957372665,0.0233366172760725,0.757862985134125,0.0703171715140343,0.851365864276886,0.195312097668648,0.992176711559296,-0.1049914509058,0.434751629829407,0.874790012836456,0.195898592472076,-0.119835332036018,0.744556367397308,0.973285734653473,-0.469937682151794,-0.482271671295166,0.122286677360535,-0.107806101441383,-0.276952683925629,0.110695891082287,0.7977175116539,0.125359937548637,0.97129225730896,0.816911220550537,0.974179565906525,0.881371200084686,1,0.889564752578735,0.0609220564365387,0.998241543769836,0.0877349674701691,0.0765639618039131,-0.0698809400200844,0.339644908905029,0.449972957372665,-0.0440020896494389
"smspltrd",0.00567294610664248,0.235426872968674,-0.0895234942436218,0.0386081710457802,0.816115379333496,0.305900096893311,-0.49784255027771,0.0352558009326458,0.41822338104248,0.101209975779057,0.620809853076935,-0.336943536996841,-0.130889177322388,0.837203502655029,0.0671278908848763,0.870275497436523,0.252748936414719,0.888168513774872,-0.307234406471252,0.261008083820343,0.737415432929993,0.145115554332733,-0.18284398317337,0.65554279088974,0.880714476108551,-0.377893477678299,-0.364851802587509,0.121311791241169,-0.405321359634399,-0.167379945516586,0.357487201690674,0.758044600486755,0.0378158390522003,0.88088470697403,0.695974111557007,0.881647527217865,0.828492760658264,0.889564752578735,1,0.0018257494084537,0.890446841716766,0.0837052837014198,-0.0625896975398064,0.020863825455308,0.350112706422806,0.336943536996841,-0.108332425355911
"smbsmmrt",-0.070953369140625,0.0989158302545547,0.106264613568783,-0.676663935184479,0.0509618073701859,-0.206591352820396,0.133631333708763,-0.701234817504883,-0.0379611290991306,-0.140560269355774,0.10370746254921,-0.334676206111908,-0.00755120255053043,-0.137844607234001,0.708219468593597,-0.316435694694519,-0.270551353693008,0.0319682396948338,0.205837845802307,0.181700348854065,0.290039896965027,0.453055053949356,0.175934135913849,0.0603387840092182,-0.0353918336331844,0.157057195901871,0.15696032345295,0.203757241368294,-0.00391359208151698,-0.554793119430542,-0.479266166687012,-0.134968712925911,0.795603334903717,-0.0446875914931297,0.263253331184387,-0.0390258841216564,-0.2952900826931,0.0609220564365387,0.0018257494084537,1,0.0530891753733158,-0.107229210436344,0.0494882427155972,-0.710148870944977,-0.255281865596771,0.334676206111908,0.235317975282669
"sme1snse",-0.0268957726657391,0.10642746090889,-0.0576472990214825,-0.0353861339390278,0.848042130470276,0.112770199775696,-0.583958923816681,-0.0425965450704098,0.118358202278614,0.00454176077619195,0.775682151317596,-0.443358331918716,0.0290310885757208,0.76192969083786,0.0686466842889786,0.856582939624786,0.199591055512428,0.993081212043762,-0.112360328435898,0.430363357067108,0.866263747215271,0.187075391411781,-0.121872253715992,0.739095687866211,0.977036952972412,-0.475063979625702,-0.486849397420883,0.118672326207161,-0.110544189810753,-0.266875624656677,0.125004902482033,0.801584780216217,0.111792340874672,0.974886059761047,0.808595061302185,0.977660834789276,0.88699346780777,0.998241543769836,0.890446841716766,0.0530891753733158,1,0.116756796836853,0.0755700692534447,-0.0553671754896641,0.346177816390991,0.443358331918716,-0.0546855926513672
"sme1pcts",0.130457431077957,-0.198573380708694,-0.106076054275036,0.325729429721832,0.0667233616113663,0.154564797878265,-0.104564167559147,0.32346174120903,0.115744031965733,0.00311627332121134,-0.0101746395230293,-0.0385978445410728,0.193780839443207,0.106166951358318,0.132551118731499,0.161959156394005,-0.0179088674485683,0.113518737256527,-0.151403665542603,-0.0081907669082284,-0.107031218707561,-0.205387011170387,0.101411893963814,0.00417817942798138,0.153709441423416,-0.0984688624739647,-0.0879863798618317,-0.0922726914286613,-0.0971375554800034,0.157227754592896,0.382446944713593,0.093730702996254,-0.323744863271713,0.175533324480057,-0.0984369814395905,0.161178737878799,0.170603409409523,0.0877349674701691,0.0837052837014198,-0.107229210436344,0.116756796836853,1,0.0565647557377815,0.317321091890335,0.109327927231789,0.0385978445410728,-0.59789252281189
"smrrnart",0.0525116994976997,-0.131670013070107,-0.0122718000784516,-0.0268738064914942,0.117162764072418,-0.523989737033844,-0.0602513924241066,-0.0391366295516491,-0.132871970534325,-0.230257019400597,0.110283128917217,-0.285171926021576,0.236628085374832,0.00332815549336374,0.0696494728326797,0.056618832051754,-0.239662453532219,0.104260370135307,0.524523496627808,0.877055883407593,0.11384741961956,-0.0243297927081585,0.20731657743454,0.0406492054462433,0.104123264551163,-0.0412775352597237,-0.0667465031147003,0.0552756562829018,0.0414830073714256,-0.224529787898064,-0.0962597578763962,0.0596147924661636,0.0622638575732708,0.0843605175614357,0.296227216720581,0.0867332443594933,0.100697413086891,0.0765639618039131,-0.0625896975398064,0.0494882427155972,0.0755700692534447,0.0565647557377815,1,-0.0640230178833008,-0.0134171880781651,0.285171926021576,-0.00315758143551648
"sme1mprt",0.0520147606730461,-0.041808232665062,-0.12280560284853,0.934267342090607,-0.0983472540974617,0.340607136487961,-0.216736987233162,0.972723066806793,0.167479291558266,0.237930357456207,-0.173039555549622,0.46092426776886,-0.0386516153812408,0.221865758299828,-0.310958564281464,0.221837714314461,0.361864447593689,-0.0486200600862503,-0.338515728712082,-0.257205605506897,-0.419927686452866,-0.438499629497528,-0.231665074825287,-0.0852732509374619,0.0253493208438158,-0.277141988277435,-0.269798547029495,-0.218837305903435,-0.11665103584528,0.763848006725311,0.736139893531799,0.191158846020699,-0.833246827125549,0.048523910343647,-0.311466366052628,0.0380636863410473,0.185295507311821,-0.0698809400200844,0.020863825455308,-0.710148870944977,-0.0553671754896641,0.317321091890335,-0.0640230178833008,1,0.39319771528244,-0.46092426776886,-0.418955534696579
"smnum5cd",-0.0483598634600639,0.0349645204842091,-0.148700460791588,0.36384528875351,0.252042472362518,0.127526596188545,-0.754074394702911,0.36991748213768,-0.00128200813196599,0.438836425542831,0.330174773931503,0.354471951723099,-0.181686148047447,0.577013552188873,0.0810035392642021,0.359481871128082,0.644541144371033,0.346977770328522,-0.127926215529442,0.0138543788343668,0.114709720015526,-0.162261560559273,-0.507241666316986,0.369425266981125,0.368045330047607,-0.823045194149017,-0.78086245059967,-0.0442248359322548,0.0259037241339684,0.459090530872345,0.297041416168213,0.614119291305542,-0.289678633213043,0.376893132925034,0.220683485269547,0.37206158041954,0.328197032213211,0.339644908905029,0.350112706422806,-0.255281865596771,0.346177816390991,0.109327927231789,-0.0134171880781651,0.39319771528244,1,-0.354471951723099,-0.325853198766708
